 .1846029
 .1743978  
 .1458084  
 .1044323  
 .0581242  
 .0151845  
-.0174886  
-.0358258  
-.0392572  
-.0304983  
-.0145595  
 .0027189  
 .0161958  
 .0226247  
 .0212294  
 .0135665  
 .0027807  
-.0074860  
-.0142016  
-.0157528  
-.0122544  
-.0053305  
 .0025294  
 .0088036  
 .0117346  
 .0107197  
 .0064491  
 .0005519  
-.0049944  
-.0084941  
-.0090310  
-.0066885  
-.0024395  
 .0022298  
 .0058227  
 .0072981  
 .0063593  
 .0034892  
-.0002607  
-.0036430  
-.0056200  
-.0056735  
-.0039293  
-.0010697  
 .0019208  
 .0040870  
 .0048010  
 .0039374  
 .0018779  
-.0006426  
-.0027907  
-.0039035  
-.0036857  
-.0022796  
-.0001967  
 .0018614  
 .0032272  
 .0034660  
 .0024912  
 .0005687  
-.0017842  
-.0039675  
-.0054757  
-.0060409  
-.0057252  
-.0049972  
-.0049669  
 .0023508  
