 .098344
 .096741
 .092027
 .084489
 .074579
 .062882
 .050073
 .036869
 .023975
 .012040
 .001611
-.006898
-.013228
-.017283
-.019127
-.018966
-.017123
-.014022
-.010055
-.005738
-.001477
 .002359
 .005488
 .007720
 .008970
 .009248
 .008652
 .007342
 .005525
 .003429
 .001279
-.000722
-.002410
-.003668
-.004435
-.004700
-.004502
-.003916
-.003043
-.001998
-.000896
 .000157
 .001076
 .001799
 .002292
 .002545
 .002576
 .002416
 .002112
 .001715
 .001277
 .000844
 .000452
 .000129
-.000112
-.000268
-.000345
-.000357
-.000319
-.000533

